210227185
210228204
210366839
210385605
210385609
210413247
210428376
210460070
210463097
210467565
210468810
210468844
210468937
210469102
210470900
210470930
210470948
210471276
210472875
210473964
210473982
210474001
210474035
210474874
210477215
210478757
210478813
210478835
210478856
210479155
210479167
210479202
210480247
210480470
210480479
210480670
210482846
210483432
210484103
210484380
210484534
210484753
210484975
210485394
210486967
210487812
210488240
210488272
210488277
210488280
210488704
210489123
210489435
210490231
210491315
210492087
210492364
210492463
210492495
210493072
210493395
210493845
210495797
210495929
210496166
210497238
210497242
210497324
210497812
210498002
210499914
210501473
210501887
210502627
210502798
210503356
210503378
210503412
210503557
210503997
210504631
210504783
210504841
210505141
210505698
210505798
210505934
210506397
210506831
210508169
210508929
210509652
210509764
210510175
210510342
210510372
210510852
210511332
210511719
210511996
210514399
210514454
210516250
210516907
210517266
210517367
210517443
210517749
210517812
210518030
210518041
210518124
210518166
210518241
210518294
210518306
210518467
210518516
210518720
210519163
210520838
210520840
210520841
210520964
210521056
210521093
210521118
210521143
210521247
210521288
210521365
210521481
210521699
210521888
210522540
210522676
210522702
210522981
210522982
210522985
210523212
210523301
210523322
210523366
210523391
210523660
210523686
210523730
210523871