210222634
210365731
210392160
210406769
210441758
210441769
210448562
210456973
210460702
210463461
210474196
210474690
210481624
210482657
210482701
210484070
210485805
210486321
210488263
210489790
210490252
210491941
210492848
210493230
210494365
210497748
210499816
210500770
210501168
210503420
210503913
210504763
210504784
210505780
210506662
210507476
210507533
210509770
210510146
210510211
210510570
210510671
210511088
210511363
210511390
210511573
210512162
210512562
210512917
210513133
210513271
210513609
210513653
210513780
210514019
210514039
210514155
210514203
210514324
210514406
210514605
210515266
210515255
210515893
210516301
210516564
210516628
210516691
210516850
210516861
210516933
210517070
210517519
210517735
210517873
210517935
210518047
210518050
210518037
210518099
210518194
210518349
210518384
210518407
210518429
210518670
210518701
210518767
210518837
210518856
210518854
210519046
210519125
210519377
210519883
210519885
210520369
210520386
210520554
210520581
210520629
210520654
210520773
210520932
210520936
210520951
210521010
210521502
210521537
210521594
210521654
210521775
210521838
210522276
210522335
210522350
210522392
210522759
210522840
210523015
210523395
210523507
210523517
210523521
210523583
210523617
210523639
210523691
210523706
210523717
210523793
210524018
210524094
210524090
210524332
210524540
210524541
210524566
210524631
210524702
210524846
210524991
210525129
210525378
210525403
210525428
210525436
210525451
210525483
210525511
210525542
210525656
210525701
210525789
210525861
210525949
210526016
210526363
210526401
210526446
210526530
210526613
210526733
210526747
210526767
210526876
210527084
210527193
210527233
210527246
210527278
210527442
210527485
210527531
210527715
210527760
210527835
210527893
210527924
210527981
210528021
210528052
210528079
210528199
210528236
210528215
210528221
210528251
210528403
210528457
210528473
210528634
210528644
210528689
210528721
210528741
210528779
210528815
210528838
210528834
210522264
210522728
210523491
210523694
210523951
210524088
210524512
210524903
210524908
210524990
210524993
210525321
210525409
210525591
210525596
210525609
210525662
210525668
210525680
210525670
210525835
210525938
210525960
210526035
210526237
210526296
210526269
210526298
210526711
210526787
210526867
210526991
210527098
210527156
210527340
210527387
210527684
210527688
210527795
210527797
210528383
210528388
210528416
210528852
210528891
210529089
210529248
210529246
210529250
210529255
210529364
210529381
210529396
210529525
210529643
210529638
210529797
210529851
210529985
210530048
210530047
210530151
210530153
210530155
210530158
210530159
210530160
210530162
210530163
210530164
210530208
210530214
210530249
210530280
210530309
210530315
210530342
210530371
210530394
210530425
210530426
210530428
210530436
210530716
210530768
210530777
210530801
210530827
210530834
210530872
210530890
210530899
210530918
210530919
210530929
210530958
210530970
210531061
210531088
210531153
210531188
210531197
210531273
210531272
210531275
210531288
210531294
210531315
210531299
210531293
210531320
210531329
210531330
210531346
210531358
210531359
210531369
210531367
210531383
210531393
210531391
210531411
210531424
210531446
210531451
210531485
210441845
210441961
210442523
210442660
210459149
210479778
210488197
210489828
210493591
210498302
210501308
210502797
210502826
210504083
210504334
210504875
210505184
210505653
210506611
210506914
210507610
210507773
210509520
210510223
210510577
210511674
210511696
210512268
210512780
210513052
210513942
210514272
210514293
210514475
210514802
210515773
210515829
210516710
210516950
210517079
210517178
210517540
210517946
210517972
210518367
210518848
210519097
210519322
210519440
210519550
210520022
210520367
210520878
210521819
210521887
210522382
210522820
210522822
210522832
210522839
210522834
210523069
210523387
210524014
210524174
210524494
210524459
210525056
210525088
210525210
210525273
210525275
210525851
210525832
210525273
210525275
210525851
210525832
210525848
210525954
210525998
210526039
210526060
210526194
210526336
210526389
210526420
210526520
210526597
210526646
210526731
210526789
210526884
210527127
210527192
210527237
210527444
210527446
210527591
210527798
210527842
210527912
210527944
210528134
210528208
210528210
210528341
210528405
210528469
210528506
210528711
210528757
210528773
210528781
210528924
210528915
210528971
210529000
210529008
210529023
210529107
210529231
210529259
210529344
210529348
210529403
210529421
210529433
210529437
210529498
210529510
210529527
210529552
210529583
210529601
210529627
210529636
210529677
210529678
210529708
210529712
210529726
210529756
210529848
210530323
210529930
210529976
210530031
210530021
210530051
210530034
210530091
210530082
210530129
210530146
210530228
210530269
210530256
210530273
210530270
210530274
210530276
210530287
210530316
210530327
210530335
210530370
210530387
210530418
210530420
210530481
210530444
210530527
210530532
210530497
210530503
210530554
210530556
210530546
210530577
210530604
210530614
210530704
210530711
210530715
210530717
210530747
210530741
210530760
210530763
210530789
210530797
210530793
210530800
210530823
210530813
210530833
210530836
210530842
210530854
210530875
210530870
210530911
210530915
210530921
210530933
210530961
210530956
210530981
210530965
210530969
210530979
210530983
210530982
210531053
210531055
210531065
210531064
210531067
210531075
210531076
210531089
210477494
210486722
210500061
210501425
210507707
210508702
210508810
210508848
210510493
210514453
210516724
210516898
210517191
210517435
210519501
210519691
210521113
210521894
210523450
210523553
210524535
210524539
210525844
210526049
210526288
210526323
210526322
210526386
210526763
210526788
210526800
210526840
210527315
210527427
210527471
210527513
210527679
210527766
210528193
210528226
210528242
210528253
210528455
210528524
210528749
210529148
210529150
210529210
210529287
210529436
210529439
210529462
210529150
210529210
210529287
210529436
210529439
210529462
210529641
210529689
210529697
210529852
210529999
210530062
210530074
210530114
210530130
210530144
210530157
210530169
210530290
210530351
210530381
210530441
210530442
210530460
210530470
210530531
210530534
210530528
210530542
210530550
210530568
210530578
210530573
210530584
210530591
210530596
210380994
210430708
210441801
210441955
210441967
210442549
210455254
210465727
210469048
210469206
210473992
210476692
210478076
210483620
210494097
210494895
210502588
210503199
210503699
210506073
210506760
210509433
210511845
210511852
210511856
210511857
210511859
210511861
210511865
210512110
210512396
210512800
210512997
210513031
210513107
210513607
210513908
210515030
210516128
210517316
210517725
210518169
210518337
210518472
210518576
210519036
210519303
210519445
210519953
210520844
210521231
210521232
210521681
210522176
210522440
210522524
210522823
210522953
210522989
210523327
210523431
210523556
210523718
210523781
210524380
210524680
210524672
210524980
210525080
210525119
210525123
210525140
210525281
210525307
210525446
210525442
210525622
210525738
210525850
210525971
210526005
210526014
210526421
210526687
210526774
210526785
210526792
210526829
210526897
210526894
210526967
210527030
210527049
210527086
210527263
210527274
210527285
210527359
210527375
210527390
210527498
210527617
210527644
210527659
210527727
210527821
210527919
210528028
210528022
210528035
210528125
210528130
210528133
210528161
210528188
210528250
210528231
210528272
210528313
210528328
210528360
210528426
210528585
210528590
210528649
210528714
210528769
210528839
210528878
210528842
210528916
210528955
210528974
210529025
210529085
210529106
210529143
210529204
210529238
210529293
210529330
210529329
210529334
210529356
210529375
210529392
210529420
210529426
210529434
210529445
210529467
210529553
210529570
210529559
210529563
210529584
210529598
210529611
210529609
210529623
210529654
210529751
210529808
210529823
