210466831
210471585
210482416
210503997
210506901
210507423
210507424
210507468
210517633
210518103
210518338
210519439
210519987
210520405
210520911
210522138
210522931
210524443
210524486
210524906
210524932
210525182
210525177
210526024
210526029
210526949
210527249
210527704
210527895
210528714
210529367
210529396
210529991
210530029
210530123
210530289
210530329
210530818
210530815
210531048
210531399
210531590
210532108
210532129
210532128
210532165
210532263
210532303
210532446
210532604
210532728
210532945
210533033
210222634
210365731
210392160
210406769
210441758
210441769
210441862
210448562
210456973
210460702
210463461
210469202
210469270
210474196
210474690
210481624
210482097
210482657
210482701
210484070
210484802
210484807
210485805
210486321
210488263
210489790
210490249
210490252
210491941
210492848
210493230
210494365
210500768
210500770
210501161
210501168
210503420
210503850
210503913
210503943
210504763
210504784
210505780
210506662
210507304
210507476
210507533
210508001
210509770
210510146
210510223
210510211
210510570
210510671
210511088
210511199
210511363
210511390
210511573
210512162
210512562
210512917
210513133
210513269
210513271
210513310
210513609
210513631
210513653
210513780
210514019
210514039
210514155
210514203
210514324
210514406
210514605
210515255
210515313
210515403
210515483
210515880
210515893
210516301
210516564
210516691
210516850
210516861
210516933
210517070
210517316
210517519
210517735
210517935
210518047
210518050
210518037
210518099
210518194
210518349
210518384
210518407
210518429
210518670
210518701
210518837
210518856
210518854
210519046
210519193
210519299
210519377
210519883
210519885
210520131
210520158
210520369
210520386
210520554
210520581
210520629
210520654
210520773
210520932
210520936
210520951
210521010
210521274
210521385
210521502
210521537
210521594
210521654
210521681
210521690
210521775
210521838
210521841
210521957
210522276
210522335
210522350
210522392
210522759
210522781
210522840
210522894
210522923
210523369
210523395
210523447
210523507
210523517
210523521
210523583
210523617
210523639
210523691
210523706
210523717
210523735
210523793
210523906
210524018
210524094
210524090
210524172
210524332
210524540
210524541
210524566
210524631
210524702
210524776
210524777
210524846
210524904
210524905
210524991
210525129
210525272
210525300
210525326
210525378
210525403
210525428
210525436
210525451
210525483
210525511
210525542
210525656
210525789
210525861
210525949
210525963
210526016
210526363
210526401
210526446
210526518
210526530
210526550
210526733
210526767
210526876
210527033
210527084
210527101
210527113
210527193
210527233
210527246
210527278
210527442
210527485
210527531
210527561
210527564
210527666
210527715
210527760
210527835
210527893
210527924
210527981
210528006
210528007
210528021
210528052
210528079
210528199
210528236
210528215
210528221
210528251
210528403
210528457
210528473
210528535
210528634
210528644
210528688
210528689
210528721
210528741
210528779
210528815
210528838
210528834
210528881
210528893
210528933
210528965
210528941
210528948
210528946
210528967
210528975
210529020
210529092
210529094
210529179
210529167
210529162
210529195
210529197
210529284
210529274
210529292
210529326
210529339
210529393
210529399
210529428
210529431
210529440
210529451
210529461
210529503
210529536
210529539
210529549
210529617
210529642
210529696
210529722
210529772
210529870
210529901
210529916
210529935
210529933
210529944
210529963
210530049
210530059
210530067
210530087
210530076
210530107
210530183
210530215
210530234
210530246
210530243
210530255
210530285
210530310
210530295
210530339
210530380
210530379
210530395
210530402
210530414
210530439
210530489
210530488
210530498
210530493
210530543
210530567
210530669
210530707
210530812
210530901
210530888
210530898
210530903
210530922
210530936
210530961
210531007
210531057
210531100
210531102
210531110
210531119
210531136
210531137
210531231
210531210
210531229
210531245
210531285
210531318
210531337
210531343
210531345
210531347
210531348
210531427
210531394
210531416
210531437
210531470
210531479
210531533
210531550
210531551
210531552
210531558
210531570
210531566
210531609
210531616
210531637
210531646
210531658
210531659
210531662
210531680
210531687
210531701
210531734
210531748
210531765
210531773
210531788
210531804
210531871
210531869
210531892
210531899
210531900
210531929
210531952
210531958
210531975
210531986
210532004
210532036
210532043
210532072
210532073
210532120
210532123
210532134
210532133
210532136
210532155
210532154
210532224
210532237
210532234
210532253
210532244
210532270
210532262
210532285
210532304
210532301
210532308
210532326
210532335
210532322
210532331
210532347
210532348
210532350
210532376
210532392
210532385
210532386
210532423
210532430
210532432
210532433
210532434
210532437
210532454
210532467
210532447
210532441
210532445
210532448
210532449
210532465
210532451
210532490
210532494
210532517
210532542
210532547
210532553
210532555
210532571
210532565
210532574
210532570
210532572
210532619
210532630
210532631
210532629
210532632
210532649
210532658
210532681
210532683
210532713
210532754
210532732
210532734
210532752
210532750
210532757
210532761
210532755
210532774
210532768
210532772
210532790
210532799
210532803
210532820
210532806
210532824
210532882
210532899
210532900
210532922
210532924
210532929
210532923
210532926
210532936
210532933
210532985
210441925
210453290
210476026
210476034
210476315
210476319
210476438
210476462
210476468
210478411
210478835
210480670
210482846
210483147
210483784
210484716
210484903
210489435
210489659
210493444
210494162
210494717
210495778
210497560
210500813
210500903
210501128
210501821
210502595
210502754
210503131
210504866
210505459
210506397
210506575
210506654
210506929
210507041
210507539
210509610
210510077
210510631
210511182
210511544
210512009
210512014
210512860
210514238
210514999
210515198
210516131
210516240
210516426
210516783
210516879
210517184
210517910
210518080
210518368
210518693
210519216
210519438
210519751
210519865
210519936
210520368
210520525
210520737
210520740
210520838
210521058
210521706
210521963
210522038
210522815
210522986
210523052
210523143
210523168
210524152
210524405
210524433
210524413
210524536
210524618
210524696
210524884
210525107
210525141
210525452
210525455
210525525
210525584
210525635
210525667
210525683
210525867
210525918
210525968
210526127
210526274
210526312
210526272
210526429
210526504
210526820
210526933
210526988
210527047
210527199
210527508
210527522
210527742
210527768
210527870
210528060
210528112
210528118
210528168
210528192
210528202
210528201
210528203
210528264
210528386
210528392
210528433
210528477
210528479
210528507
210528548
210528596
210528767
210528795
210528901
210528927
210529046
210529169
210529157
210529354
210529429
210529806
210529804
210529854
210529952
210530052
210530078
210530103
210530150
210530167
210530217
210530241
210530266
210530319
210530356
210530350
210530404
210530443
210530446
210530465
210530517
210530513
210530582
210530599
210530590
210530622
210530784
210530786
210530798
210530820
210530796
210530811
210530831
210530846
210530891
210530917
210530923
210530941
210530942
210530954
210530991
210531039
210531135
210531141
210531143
210531177
210531178
210531179
210531180
210531238
210531246
210531255
210531328
210531340
210531339
210531342
210531360
210531351
210531355
210531361
210531440
210531456
210531462
210531507
210531514
210531518
210531538
210531591
210531585
210531600
210531618
210531631
210531636
210531666
210531663
210531664
210531665
210531700
210531709
210531726
210531730
210531740
210531736
210531739
210531746
210531751
210531806
210531762
210531776
210531771
210531783
210531799
210531812
210531815
210531846
210531842
210531849
210531859
210531870
210531878
210531873
210531895
210531907
210531915
210531930
210531927
210531934
210531937
210531950
210531966
210531963
210531968
210531976
210531977
210532006
210532015
210532020
210532012
210532014
210532026
210532035
210532032
210532039
210532049
210532048
210532058
210532054
210532068
210532081
210532080
210532091
210532092
210532090
210532139
210532113
210532116
210532112
210532138
210532130
210532145
210532159
210532161
210532185
210532210
210532178
210532181
210532186
210532190
210532188
210532187
210532206
210532239
210532264
210532225
210532243
210532292
210532289
210532290
210532298
210532306
210532352
210532338
210532343
210532341
210532353
210532362
210532370
210532429
210532468
210532471
210532487
210532511
210426513
210426517
210429273
210442441
210442637
210442641
210442645
210473291
210481958
210484641
210484805
210490672
210491564
210495595
210496166
210496952
210498818
210501344
210501976
210502019
210503827
210503999
210504783
210505622
210505875
210506099
210506112
210506263
210506419
210506881
210507577
210509826
210512554
210512698
210513464
210513917
210513925
210514040
210514128
210514399
210515692
210515846
210517200
210518774
210519255
210519279
210519639
210519769
210520499
210520646
210520743
210521050
210521500
210521868
210522159
210522855
210522998
210523253
210523613
210524237
210524456
210525194
210526185
210526403
210526477
210526535
210527213
210527386
210527388
210527428
210527484
210527958
210528059
210528691
210528880
210528904
210529001
210529240
210529243
210529413
210529464
210529471
210529568
210529590
210529594
210529596
210529597
210529663
210529683
210529715
210529754
210529873
210529946
210529987
210529982
210530090
210530193
210530211
210530242
210530296
210530297
210530294
210530345
210530357
210530358
210530384
210530399
210530421
210530424
210530445
210530447
210530472
210530549
210530555
210530621
210530626
210530752
210530765
210530804
210530829
210530869
210530926
210530940
210530973
210531028
210530993
210531005
210531015
210531014
210531023
210531041
210531047
210531056
210531062
210531066
210531071
210531084
210531092
210531104
210531120
210531127
210531128
210531134
210531146
210531221
210531217
210531208
210531224
210531222
210531248
210531270
210531267
210531268
210531279
210531283
210531302
210531292
210531290
210531314
210531319
210531352
210531336
210531376
210531387
210531386
210531388
210531395
210531423
210531418
210531434
210531430
210531433
210531436
210531457
210531444
210531449
210531459
210531460
210531482
210531481
210531494
210531502
210531513
210531548
210531549
210531555
210531557
210531612
210531619
210531617
210531673
210531661
210531691
210531682
210531689
210531693
210531695
210531696
210531705
210531720
210531725
210531747
210531756
210531759
210531766
210531763
210531761
210531764
210531775
210531787
210531793
210531817
210531818
210531847
210531854
210531857
210531864
210531863
210531865
210531866
210531914
210531912
210531972
210532034
210532055
210442518
210442537
210489426
210495758
210524799
210526379
210494079
210508449
210515331
210529283
210441839
210441856
210442310
210442483
210442578
210442638
210442681
210459161
210463592
210463617
210463619
210476660
210480687
210489123
210494493
210495293
210496998
210498629
210501242
210502049
210502090
210503409
210504081
210504867
210507495
210509313
210510153
210511918
210513324
210513435
210514560
210514760
210516062
210516320
210516645
210517423
210517475
210517915
210518060
210518157
210518636
210519174
210519595
210520021
210520568
210521465
210521679
210521754
210522264
210522728
210523491
210523694
210523951
210524088
210524512
210524903
210524990
210524993
210525321
210525591
210525596
210525609
210525662
210525680
210525670
210525835
210525938
210525960
210526035
210526237
210526296
210526269
210526298
210526711
210526787
210526867
210526991
210527098
210527156
210527340
210527387
210527684
210527688
210527795
210527797
210528383
210528388
210528416
210528852
210528891
210529248
210529246
210529250
210529255
210529364
210529381
210529525
210529643
210529638
210529797
210529851
210529985
210530048
210530047
210530151
210530153
210530155
210530158
210530159
210530160
210530153
210530155
210530158
210530159
210530160
210530162
210530163
210530164
210530208
210530214
210530249
210530280
210530309
210530315
210530342
210530371
210530394
210530425
210530426
210530428
210530436
210530716
210530768
210530777
210530801
210530827
210530834
210530872
210530890
210530899
210530918
210530919
210530929
210530958
210530970
210531061
210531088
210531153
210531188
210531197
210531273
210531272
210531275
210531288
210531294
210531315
210531299
210531293
210531320
210531329
210531330
210531346
210531358
210531359
210531369
210531367
210531383
210531393
210531391
210531411
210531424
210531446
210531451
210531485
210441845
210441961
210442523
210442660
210459149
210479778
210488197
210489828
210493591
210498302
210501308
210502797
210502826
210504083
210504334
210504875
210505184
210505653
210506611
210506914
210509520
210510577
210511674
210511696
210512268
210512780
210513052
210513942
210514272
210514293
210514475
210514802
210515773
210515829
210516710
210516950
210517079
210517178
210517540
210517946
210517972
210518367
210518848
210519322
210519440
210519550
210520367
210520878
210521819
210521887
210522382
210522820
210522822
210522832
210522834
210523387
210524014
210524174
210524494
210524459
210525088
210525210
210525275
210525851
210525832
210525848
210525954
210526039
210526060
210526194
210526336
210526389
210526420
210526520
210526597
210526646
210526731
210526789
210526884
210527127
210527192
210527237
210527444
210527446
210527591
210527798
210527842
210527912
210528134
210528210
210528341
210528405
210528469
210528506
210528711
210528757
210528781
210528924
210528915
210528971
210529000
210529008
210529023
210529107
210529231
210529259
210529344
210529348
210529403
210529421
210529433
210529437
210529498
210529510
210529527
210529552
210529583
210529601
210529627
210529636
210529677
210529678
210529708
210529712
210529726
210529756
210529848
210530323
210529930
210529976
210530031
210530021
210530051
210530034
210530091
210530082
210530091
210530082
210530129
210530146
210530228
210530269
210530256
210530273
210530270
210530274
210530276
210530287
210530316
210530327
210530335
210530370
210530387
210530418
210530420
210530481
210530444
210530527
210530532
210530497
210530503
210530554
210530556
210530546
210530577
210530604
210530614
210530704
210530711
210530715
210530717
210530747
210530741
210530760
210530763
210530789
210530797
210530793
210530800
210530823
210530813
210530833
210530836
210530842
210530854
210530875
210530870
210530911
210530915
210530921
210530933
210530956
210530981
210530965
210530969
210530979
210530983
210530982
210531053
210531055
210531065
210531064
210531067
210531075
210531076
210531089
210477494
210486722
210500061
210501425
210507707
210508702
210508810
210508848
210510493
210514453
210516724
210516898
210517191
210517435
210519501
210519691
210521113
210521894
210523450
210523553
210524535
210524539
210525844
210526049
210526288
210526323
210526322
210526386
210526763
210526788
210526800
210526840
210527427
210527471
210527513
210527679
210527766
210528193
210528226
210528242
210528455
210528524
210528749
210529148
210529150
210529210
210529287
210529436
210529439
210529462
210529641
210529689
210529697
210529852
210529999
210530062
210530074
210530114
210530130
210530144
210530157
210530169
210530290
210530351
210530381
210530441
210530442
210530460
210530470
210530531
210530534
210530528
210530542
210530550
210530568
210530578
210530573
210530584
210530591
210530596
210380994
210430708
210441801
210441955
210441967
210442549
210455254
210465727
210469048
210473992
210476692
210478076
210483620
210494097
210494895
210502588
210503199
210503699
210506073
210506760
210509433
210511845
210511852
210511856
210511857
210511859
210511861
210511865
210512110
210512396
210512800
210512997
210513031
210513107
210513607
210513908
210515030
210516128
210517725
210518169
210518337
210518472
210518576
210519036
210519303
210519445
210519953
210520844
210521231
210521232
210519303
210519445
210519953
210520844
210521231
210521232
210522440
210522524
210522823
210522953
210522989
210523327
210523431
210523556
210523718
210523781
210524680
210524672
210524980
210525080
210525119
210525123
210525140
210525281
210525307
210525446
210525442
210525622
210525738
210525850
210525971
210526005
210526014
210526421
210526687
210526774
210526785
210526792
210526829
210526897
210526894
210526967
210527030
210527049
210527086
210527263
210527274
210527285
210527359
210527375
210527390
210527498
210527617
210527644
210527659
210527727
210527821
210527919
210528028
210528022
210528035
210528125
210528130
210528133
210528161
210528188
210528250
210528231
210528272
210528313
210528328
210528360
210528426
210528585
210528590
210528649
210528769
210528839
210528878
210528842
210528916
210528955
210528974
210529025
210529085
210529106
210529143
210529204
210529238
210529293
210529330
210529329
210529334
210529356
210529375
210529392
210529420
210529426
210529434
210529445
210529467
210529553
210529570
210529559
210529563
210529584
210529598
210529611
210529609
210529623
210529654
210529808
210529823
210529902
210529910
210529938
210529962
210529968
210529973
210530010
210530015
210530017
210530024
210530045
210530081
210530120
210530104
210530110
210530117
210530118
210530121
210530116
210530128
210530134
210530145
210530149
210530174
210530201
210530213
210530216
210530240
210530252
210530253
210530262
210530264
210530292
210530320
210530333
210530337
210530390
210530403
210530409
210530432
210441826
210441869
210441964
210442473
210442661
210443215
210463396
210465698
210468258
210470806
210482458
210485388
210491011
210493621
210494317
210494407
210496080
210496431
210498270
210501827
210502297
210505415
210505491
210506024
210506478
210508157
210508901
210509091
210509489
210509913
210510073
210510338
210511095
210511514
210513565
210514186
210514814
210515355
210515946
210515966
210516032
210516216
210516217
210516222
210516712
210516979
210517287
210516712
210516979
210517287
210517400
210517608
210517649
210517856
210517978
210518027
210518322
210518382
210518398
210518452
210518506
210518826
210518916
210518902
210519570
210519584
210519931
210520164
210520214
210520239
210520817
210521230
210521583
210522086
210522282
210522420
210522589
210522605
210522873
210522905
210523044
210523176
210523212
210523329
210523322
210523638
210523676
210524057
210524119
210524122
210524402
210524740
210524743
210524930
210524962
210525150
210525364
210525379
210525536
210525634
210525627
210525685
210525698
210525717
210525943
210525962
210526062
210526139
210526364
210526487
210526508
210526630
210526666
210526702
210526699
210526771
210526765
210526811
210526859
210526941
210526965
210526990
210527004
210527011
210527014
210527019
210527028
210527044
210527097
210527116
210527123
210527144
210527137
210527191
210527323
210527336
210527333
210527364
210527339
210527342
210527510
210527548
210527568
210527595
210527620
210527647
210527646
210527800
210527843
210527873
210527880
210527930
210527994
210527993
210528000
210528002
210528084
210528095
210528103
210528107
210528114
210528141
210528169
210528274
210528343
210528338
210528406
210528522
210528543
210528621
210528624
210528632
210528642
210528693
210528696
210528704
210528709
210528740
210528765
210528756
210528759
210528772
210528780
210528807
210528794
210528804
210528809
210528810
210528820
210528849
210528850
210528851
210528875
210528894
210528928
210528968
210528961
210528964
210528999
210529034
210529021
210529028
210529040
210529103
210529101
210529102
210529120
210529127
210529156
210529180
210529205
210529207
210529257
210529276
210529340
210529398
210529406
210529446
210529449
210529453
210529504
210529505
210529526
210529521
210529572
210529546
210529550
210529555
210529619
210529680
210529732
210529811
210529815
210529816
210529828
210529863
210529880
210529956
210529974
210442651
210486967
210513822
210516656
210520303
210521642
210521675
210523432
210524561
210526856
210526861
210527362
210527751
210527755
210527779
210528326
210528789
210528943
210441957
210510435
210519225
210528539
210529343
210529357
210529394
210529430
210441872
210441989
210454912
210482910
210487991
210495253
210495738
210499978
210504226
210505544
210505778
210505868
210505915
210506311
210506699
210507142
210509098
210511807
210513797
210513935
210514683
210514782
210515042
210517174
210517276
210517629
210518626
210519002
210519354
210519407
210519408
210519911
210520877
210521849
210522349
210522631
210522819
210523242
210523304
210523493
210523794
210524108
210524324
210524312
210524341
210524382
210524887
210525068
210525382
210525406
210525478
210525496
210525645
210525671
210525791
210525824
210525891
210525894
210526012
210526042
210526082
210526299
210526369
210526372
210526428
210526582
210526665
210526704
210526718
210526738
210526973
210527068
210527083
210527224
210527251
210527254
210527385
210527638
210527726
210527929
210527957
210527976
210528025
210528076
210528089
210528128
210528174
210528266
210528340
210528377
210528570
210528578
210528674
210528705
210528743
210528753
210528777
210528805
210528799
210528860
210528835
210528884
210528902
210528923
210528929
210528966
210528988
210529042
210529054
210529098
210529126
210529139
210529155
210529192
210529198
210529230
210529228
210529235
210529268
210529288
210529318
210529319
210529368
210529405
210529412
210529438
210442498
210446692
210453322
210463753
210468563
210475261
210481535
210484571
210485314
210486788
210489983
210494348
210496580
210498701
210502352
210505466
210505677
210506631
210508777
210508796
210508817
210509493
210510910
210510918
210511364
210511694
210511794
210513952
210513956
210514218
210515028
210516124
210517367
210517443
210517749
210518075
210518628
210518796
210518807
210519029
210519134
210519252
210520988
210521236
210521469
210521587
210521592
210521597
210521600
210521822
210521843
210522375
210522378
210522480
210522562
210522948
210522480
210522562
210522948
210522981
210523730
210523790
210523833
210523871
210524254
210524866
210525284
210525450
210525532
210525583
210525798
210526001
210526075
210526416
210526695
210526688
210526744
210526979
210527000
210527218
210527271
210527304
210527331
210527351
210527431
210527479
210527601
210527651
210527670
210527778
210527769
210527787
210527829
210528029
210528126
210528131
210528173
210528190
210528244
210528246
210528276
210528298
210528294
210528301
210528499
210528536
210528551
210528560
210528574
210528583
210528581
210528589
210528593
210528604
210528612
210528610
210528622
210528636
210528669
210528692
210528694
210528716
210528738
210528775
210528747
210528748
210528761
210528797
210528808
210528831
210528861
210528912
210528910
210528960
210528969
210528992
210529005
210529018
210529026
210529027
210529030
210529059
210529083
210253560
210490231
210492576
210493078
210494861
210501216
210502355
210503661
210507177
210508159
210508843
210511393
210512668
210513318
210513416
210514233
210516559
210516708
210517080
210517114
210517214
210517226
210517908
210518108
210518369
210518460
210518751
210518949
210519179
210519292
210519307
210519362
210519738
210520090
210520345
210521577
210521792
210521805
210521852
210522383
210522639
210522703
210522816
210522910
210522982
210523025
210522993
210523124
210523307
210523484
210523646
210523682
210524345
210524335
210524453
210524684
210524859
210524924
210525035
210525329
210525469
210525599
210525745
210525912
210526051
210526156
210526195
210526229
210526277
210526291
210526329
210526394
210526398
210526507
210526513
210526602
210526612
210526644
210526661
210526760
210526804
210526838
210526877
210526875
210526956
210526955
210527010
210527056
210527109
210527111
210527121
210527130
210527143
210527240
210527239
210527391
210527460
210527559
210527622
210527623
210527673
210527705
210527708
210527772
210527775
210527789
210527866
210527886
210527871
210527892
210527894
210527908
210527916
210527916
210527998
210528031
210528040
210528039
210528058
210528057
210528092
210528115
210528132
210528160
210528164
210528167
210528176
210528178
210528211
210528245
210528275
210528279
210528288
210528309
210528342
210528329
210528354
210528424
210528432
210528459
210528465
210528491
210528493
210528495
210528515
210528528
210528520
210528552
210528568
210528587
210528591
210528672
210417733
210441773
210442415
210442420
210442573
210466455
210468045
210479519
210484208
210491734
210496462
210497844
210499898
210501917
210501932
210505122
210509869
210511688
210512147
210512276
210512551
210513563
210513568
210513844
210514359
210514974
210515322
210518074
210518900
210519141
210519432
210519754
210519985
210520198
210520511
210521573
210521650
210521707
210521708
210522338
210523028
210523231
210523419
210523743
210523830
210524206
210524232
210524441
210524442
210524513
210524771
210524804
210524822
210524934
210525208
210525500
210525497
210525636
210525704
210525757
210525859
210525919
210525921
210526108
210526133
210526183
210526193
210526326
210526349
210526350
210526356
210526387
210526481
210526485
210526493
210526629
210526649
210526693
210526706
210526754
210526805
210526849
210526954
210526969
210526981
210527006
210527005
210527027
210527075
210527325
210527343
210527348
210527349
210527374
210527398
210527409
210527545
210527567
210527594
210527586
210527588
210527628
210527630
210527663
210527665
210527674
210527695
210527740
210527757
210527793
210527809
210527826
210527833
210527840
210527857
210527858
210527888
210527860
210527869
210527879
210527884
210527897
210527917
210527969
210528001
210528034
210528038
210528087
210528135
210528139
210335267
210459596
210462509
210464502
210475500
210481709
210490615
210492440
210495106
210498634
210503303
210503353
210503455
210504631
210504688
210504791
210505146
210505814
210507194
210507184
210508199
210508224
210508280
210508305
210508314
210509372
210509404
210509466
210509551
210509735
210510413
210509372
210509404
210509466
210509551
210509735
210510413
210510490
210511404
210511759
210511919
210512154
210512364
210512400
210512750
210513212
210513231
210513512
210513696
210514451
210514679
210514861
210515357
210515367
210515793
210516449
210516469
210517227
210517338
210517360
210517444
210517870
210518690
210518805
210519274
210519465
210519706
210520002
210520537
210520597
210520782
210520991
210521304
210521303
210521657
210521796
210521835
210521895
210522007
210522170
210522248
210522327
210522328
210522444
210522482
210522494
210522754
210522826
210522906
210522940
210522973
210523023
210523188
210523378
210523362
210523361
210523494
210523635
210523670
210523962
210524034
210524493
210524492
210524569
210524594
210524621
210524716
210524827
210524910
210524912
210524964
210525492
210525503
210525681
210525812
210525951
210525965
210525974
210526066
210526122
210526143
210526168
210526170
210526182
210526224
210526268
210526278
210526294
210526338
210526359
210526415
210526548
210526614
210526681
210526689
210526721
210526919
210526931
210527008
210527023
210527053
210527057
210527081
210527106
210527105
210527115
210527161
210527229
210527272
210527273
210527341
210527361
210527366
210527417
210527433
210527438
210527465
210527493
210527549
210527579
210480470
210498461
210501754
210509014
210514217
210520128
210522599
210523136
210523939
210523949
210524121
210524292
210526002
210520262
210525823
210526938
210440419
210441942
210442103
210442481
210448492
210477094
210483022
210483607
210488443
210490415
210505573
210506290
210507648
210507932
210508293
210509259
210509396
210510878
210511372
210513200
210514494
210514528
210516837
210517175
210518249
210518514
210518515
210518811
210519622
210519796
210520274
210521312
210521359
210521425
210521914
210521962
210523542
210523597
210523979
210524677
210524791
210525225
210525263
210525334
210525435
210525664
210525777
210526041
210526106
210526167
210526171
210526191
210526219
210526371
210526414
210526171
210526191
210526219
210526371
210526414
210526434
210526438
210526451
210526456
210526533
210526541
210526626
210526631
210526764
210526806
210526841
210526864
210526882
210526874
210526890
210526927
210526943
210526958
210526977
210526986
210527016
210527026
210527066
210527122
210527140
210527152
210527153
210337224
210442515
210457368
210472870
210478161
210485036
210486326
210488386
210490576
210490751
210491845
210493250
210499143
210500197
210505103
210505937
210508535
210508605
210508883
210509547
210510926
210510976
210514478
210514787
210518160
210518327
210518890
210518981
210518982
210520061
210520278
210520754
210520930
210521017
210521019
210521111
210521311
210521355
210521416
210521716
210521907
210522045
210522508
210522594
210522643
210522830
210523278
210523540
210523732
210523999
210524008
210524038
210524146
210524291
210524769
210524944
210525191
210525213
210525238
210525266
210525274
210525380
210525371
210525426
210525433
210525439
210525472
210525594
210525600
210525643
210525657
210525753
210525766
210525970
210526009
210526048
210526123
210526120
210526141
210526158
210526161
210526188
210526189
210526245
210526351
210526380
210526395
210526433
210526447
210526467
210526634
210406825
210433198
210441847
210441930
210466456
210468743
210470948
210471461
210474934
210476358
210476681
210476857
210479771
210479825
210481095
210487035
210490543
210491702
210491749
210495981
210500242
210500686
210501473
210503670
210506178
210506405
210507212
210508575
210509549
210510473
210510588
210511869
210513123
210513315
210514462
210515378
210515635
210516886
210516934
210517425
210518130
210518134
210518243
210518711
210519350
210520117
210520375
210520573
210520974
210521461
210521494
210521699
210521847
210521913
210521969
210522190
210522689
210522690
210522692
210522695
210522818
210523007
210523252
210523457
210523467
210523508
210524140
210524331
210524445
210524521
210524523
210524544
210524958
210524960
210525006
210525309
210525319
210525424
210525465
210525468
210525474
210525499
210525524
210525682
210525684
210525740
210525773
210525797
210525796
210525803
210525817
210525881
210525890
210525884
210525958
210525966
210525978
210525994
210525979
210526008
210526020
210526033
210526057
210526065
210526069
210526119
210526150
210441858
210456127
210466390
210472904
210479532
210480380
210481277
210490882
210490885
210494128
210494237
210494579
210495092
210495976
210497109
210498606
210499058
210500804
210501232
210503419
210505193
210505920
210507853
210508801
210508880
210509153
210510439
210511236
210511718
210511975
210513536
210513566
210513977
210514695
210514779
210515512
210515960
210516250
210517929
210518409
210518420
210518456
210518475
210518509
210518968
210518969
210519302
210519606
210519695
210520000
210520472
210521921
210522106
210522123
210522317
210522372
210522506
210522686
210522836
210522837
210522966
210523169
210523218
210523289
210523314
210523429
210523422
210523752
210523899
210523902
210523904
210523913
210523955
210523961
210523976
210524227
210524376
210524370
210524458
210524603
210524670
210524809
210524819
210524834
210524852
210525074
210525071
210525116
210525168
210525165
210525184
210525190
210525217
210525258
210525301
210525317
210525361
210525366
210525405
210525457
210525501
210525506
210525527
210525557
210525576
210525613
210525628
210525663
210525677
210525689
210525702
210441833
210442654
210456662
210475918
210476443
210477836
210477900
210477914
210477984
210477997
210478030
210478031
210478033
210478037
210478042
210478047
210478073
210478080
210480247
210480382
210480530
210483103
210491552
210493640
210494354
210495393
210496992
210497055
210499983
210501516
210502441
210502547
210502507
210503855
210507037
210508633
210509134
210509213
210509223
210509744
210510111
210510170
210510486
210510859
210512120
210512127
210512132
210512163
210512379
210512499
210512537
210513393
210513488
210514292
210514547
210514839
210514981
210515397
210515506
210515506
210515594
210515876
210516135
210516676
210516713
210516972
210516968
210517025
210517073
210517246
210517346
210517531
210517662
210517996
210518041
210518251
210518320
210518404
210518501
210518855
210518904
210519632
210519742
210519855
210519884
210519990
210520156
210520265
210520320
210520379
210520566
210520666
210520742
210520780
210521075
210521098
210521150
210521237
210521279
210521404
210522169
210522288
210522367
210522484
210522607
210522610
210522676
210522700
210522705
210522712
210522793
210522825
210522863
210522878
210522968
210523068
210523157
210523331
210523391
210523420
210523474
210523485
210523530
210523579
210523634
210523757
210523818
210523892
210523893
210524166
210524374
210524484
210524500
210524573
210524698
210524706
210524731
210524738
210524818
210524836
210524839
210524840
210524847
210524877
210524882
210524918
210524911
210524995
210525017
210525064
210525091
210525120
210525125
210525152
210525156
210525161
210525164
210525166
210525178
210525185
210525195
210525214
210525230
210525237
210525242
210525259
210496553
210517804
210519090
210520102
210520766
210520964
210521093
210521118
210521288
210521365
210521481
210521810
210522985
210507166
210517812
210520768
210520770
210522462
210524798
210524883
210387383
210442426
210457373
210466750
210480251
210490851
210498937
210499914
210500986
210502115
210505955
210506058
210507128
210508337
210510032
210510747
210517820
210518124
210518166
210518294
210518306
210518365
210518663
210519291
210520579
210521159
210521320
210521361
210521697
210521700
210521701
210521702
210521703
210521704
210522256
210522756
210522810
210523004
210523269
210523301
210523366
210523488
210523660
210523686
210523753
210523760
210523769
210523828
210523837
210523981
210524062
210524150
210524151
210524171
210524230
210524321
210524373
210524385
210524403
210524451
210524460
210524488
210524548
210524590
210524588
210524596
210524605
210524610
210524624
210524671
210524708
210524727
210524737
210524742
210524770
210524786
210524788
210524843
210524845
210406193
210441638
210498789
210502017
210504216
210507640
210507653
210509429
210509430
210509431
210511292
210511984
210512531
210512863
210514454
210514957
210515079
210515124
210515134
210515371
210515470
210515852
210515873
210516242
210516412
210517419
210517466
210517598
210517907
210518077
210518174
210518436
210518443
210518614
210518907
210519105
210519106
210519243
210519870
210519915
210520049
210520781
210521122
210521233
210521693
210522103
210522204
210522234
210522395
210522530
210522751
210522924
210523166
210523179
210523192
210523191
210523339
210523462
210523516
210523653
210523673
210523679
210523699
210523773
210523839
210523857
210523880
210523873
210523925
210523930
210523934
210523936
210523938
210523940
210523978
210523971
210524009
210524015
210524037
210524081
210524101
210524112
210524123
210524134
210524149
210524159
210524280
210524274
210524305
210524308
210524315
210524320
210524367
210524381
210524426
210524429
210360595
210455226
210460070
210463642
210479555
210485671
210485801
210500331
210501958
210502250
210503335
210506259
210507344
210507459
210509875
210510226
210510394
210511966
210512201
210512445
210512592
210512910
210513408
210514064
210514437
210514815
210515052
210515395
210515584
210516726
210516782
210516805
210516824
210517288
210519525
210519553
210519837
210519861
210519917
210520092
210520123
210520287
210520299
210520403
210520603
210521340
210521423
210521599
210521671
210521720
210521890
210522365
210522483
210522606
210522777
210522885
210522930
210522959
210523199
210523385
210523390
210523408
210523506
210523571
210523641
210523642
210523664
210523672
210523749
210523853
210523886
210441952
210460769
210476421
210477572
210477591
210477595
210477631
210477635
210479440
210485264
210485481
210485628
210486621
210490877
210495413
210495949
210501261
210506559
210507834
210509768
210509964
210511723
210511963
210512047
210512150
210512189
210513101
210513101
210513426
210514121
210514426
210515094
210515201
210515334
210515486
210515503
210515638
210515866
210515910
210515913
210516073
210516239
210516363
210516434
210516510
210516704
210516791
210516834
210516865
210517101
210517229
210517490
210517750
210517884
210517885
210518010
210518056
210518265
210518347
210518556
210518708
210518909
210518979
210519120
210519181
210519263
210519360
210519349
210519369
210519493
210519801
210519803
210519909
210519972
210520149
210520452
210520490
210520495
210520500
210520570
210520640
210520682
210520749
210521024
210521056
210521060
210521095
210521103
210521358
210521445
210522098
210522166
210522370
210522373
210522380
210522519
210522604
210522629
210522652
210522854
210522951
210522962
210523003
210523043
210523211
210523232
210523243
210523244
210523255
210523282
210523435
210401809
210498208
210500430
210502295
210502566
210504780
210506565
210509840
210509919
210509974
210510852
210510966
210511289
210511332
210511766
210513162
210514106
210514355
210514600
210514800
210515200
210515444
210515501
210515781
210515808
210516776
210517593
210517786
210518028
210518464
210518518
210518516
210518935
210519062
210519133
210519130
210519236
210519912
210519993
210520040
210520393
210520505
210520543
210520834
210520836
210520888
210521238
210521241
210521247
210521878
210522189
210522702
210523034
210523041
210478504
210481246
210484694
210507893
210510723
210511361
210511663
210515034
210516267
210517578
210519762
210522765
210433618
210442001
210472875
210477976
210481866
210491807
210494970
210504903
210507963
210513429
210515054
210515983
210516513
210516751
210517756
210517760
210517766
210518531
210519066
210519337
210519564
210519763
210520070
210520077
210520656
210520883
210521028
210521343
210521436
210521523
210521529
210521621
210521664
210521862
210521919
210521958
210522133
210522141
210522147
210522165
210522224
210522307
210522309
210522311
210522313
210522314
210522315
210522414
210522540
210522561
210522561
210522648
210522769
210522927
210522958
210478108
210492602
210492943
210493174
210494900
210497493
210504012
210514239
210514915
210515226
210515555
210516387
210517023
210517266
210517428
210518116
210518681
210520378
210520771
210521145
210521156
210521294
210521292
210521804
210521925
210522143
210522145
210522148
210522149
210522157
210522199
210522247
210522331
210522424
210522449
210441762
210490027
210494281
210505967
210510454
210514725
210516395
210517481
210517843
210518437
210519541
210520017
210520423
210520450
210520673
210520715
210521030
210521141
210521134
210521335
210521338
210521392
210521466
210521744
210521745
210521786
210521794
210521818
210521883
210521888
210522026
210522094
210522134
210441904
210481991
210497897
210501297
210502030
210503505
210504232
210513667
210516248
210517044
210517492
210517813
210517948
210517959
210518227
210518487
210518669
210518716
210518809
210518988
210519121
210519155
210519311
210519775
210519752
210519964
210520312
210520401
210520565
210520651
210520671
210520904
210521018
210521157
210521161
210521176
210521199
210521243
210521305
210521318
210521376
210521377
210521394
210521409
210521504
210521506
210521543
210521542
210521678
210521684
210442567
210443328
210479655
210493283
210495653
210498269
210508551
210514687
210514727
210516254
210516457
210516943
210517272
210517524
210518053
210518971
210519374
210519485
210519545
210519579
210519696
210519830
210520042
210520317
210520808
210520837
210520840
210520841
210520884
210520915
210520958
210520986
210521005
210521129
210521143
210477645
210481296
210513863
210385003
210480479
210484987
210496639
210500991
210503771
210504805
210504809
210505789
210505820
210513444
210514978
210515648
210518482
210518719
210518827
210519260
210519373
210519451
210519454
210519457
210519505
210519516
210519619
210519663
210519675
210519802
210519851
210519902
210519934
210520025
210520354
210520356
210520407
210520479
210520527
210520515
210520596
210520623
210520623
210520688
210520708
210488773
210489488
210495238
210495372
210496686
210497552
210497675
210497692
210497705
210498866
210504707
210504963
210506759
210509000
210513371
210514989
210516091
210516728
210516774
210517522
210517830
210517833
210518193
210518318
210518672
210518806
210518965
210519165
210519249
210519588
210519599
210519643
210519640
210519791
210519795
210519810
210519858
210519867
210519886
210520004
210520094
210520141
210520174
210520294
210441881
210442664
210443200
210495056
210500411
210500415
210501867
210503122
210503215
210510319
210512487
210513385
210514274
210514826
210516974
210517060
210517278
210517353
210517775
210517808
210518025
210518133
210518383
210519153
210519341
210519388
210519400
210519446
210519449
210519542
210519563
210519558
210519744
210519784
210519785
210441864
210441909
210457604
210479648
210501609
210506046
210507161
210507961
210508457
210508508
210508932
210509740
210510304
210513304
210513420
210513533
210514409
210515131
210515736
210516429
210516722
210516897
210517496
210517596
210517707
210518229
210518485
210518619
210518620
210518655
210518662
210518720
210518846
210518845
210518851
210518859
210518922
210519005
210519037
210519145
210519163
210519170
210519235
210519334
210519353
210442666
210478025
210478760
210485290
210488102
210493845
210499128
210501989
210504192
210504655
210507364
210507569
210513205
210513976
210514108
210514210
210514383
210514805
210516344
210516421
210516677
210516775
210516819
210516832
210517013
210517125
210517462
210517945
210518006
210518039
210518082
210518278
210518467
210518486
210518510
210518629
210518639
210518675
210518697
210518756
210518759
210518771
210518818
210518903
210518906
210518908
210454700
210482096
210482825
210487010
210489672
210504184
210504597
210505116
210507068
210512464
210513657
210514285
210516655
210516841
210517050
210517642
210517763
210517894
210517918
210518030
210518168
210518241
210518263
210518295
210518304
210473130
210474542
210474542
210478514
210495619
210501916
210502262
210502954
210508318
210510199
210511817
210513978
210514008
210514555
210514853
210516172
210516539
210516579
210516643
210516909
210517357
210517380
210517549
210517584
210517568
210517585
210517600
210517617
210517716
210517840
210517903
210346595
210431082
210481486
210485761
210490051
210494927
210495883
210495886
210506197
210508636
210512391
210513110
210515056
210516474
210516600
210516652
210516935
210516989
210517017
210517051
210517150
210517155
210517186
210517271
210517315
210517438
210441983
210467461
210511025
210513391
210513500
210513756
210514544
210514811
210515126
210515986
210516130
210516511
210516537
210516542
210516613
210516633
210516690
210516761
210516907
210516938
210516956
210516962
210516993
210480467
210507244
210508468
210508889
210508904
210508912
210510120
210512819
210513206
210514342
210514930
210515352
210515963
210515997
210516061
210516122
210516241
210516244
210516245
210516269
210516325
210516439
210516461
210516467
210516527
210516566
210497812
210515856
210460369
210497361
210498715
210500369
210502818
210505007
210505037
210505039
210505041
210505043
210505044
210510756
210512200
210512236
210513864
210515364
210515451
210515685
210515746
210515755
210515845
210515922
210515969
210516065
210381209
210406433
210441977
210449274
210465442
210480948
210482306
210483460
210484383
210485394
210494369
210506165
210507842
210509112
210510682
210512640
210513129
210513711
210513748
210513878
210514708
210514950
210515366
210515375
210515608
210442358
210442373
210442577
210453589
210489722
210491030
210501097
210503932
210505713
210505759
210505841
210508383
210509350
210510716
210511046
210511864
210512239
210512915
210513996
210514207
210514715
210514731
210514867
210514934
210514961
210514987
210515065
210515123
210414802
210450125
210455354
210466801
210483409
210483452
210492864
210497782
210505617
210505698
210508150
210508574
210508745
210509675
210511123
210511346
210513999
210514242
210514331
210514423
210514499
210514696
210407467
210441948
210441950
210442541
210442656
210466701
210476107
210501388
210503259
210506513
210506753
210506803
210508160
210508169
210508879
210508929
210509590
210511142
210511353
210511721
210511930
210512278
210512631
210512715
210512874
210513839
210513891
210513911
210514006
210514048
210514083
210514202
210514248
210514290
210491698
210227185
210228204
210242195
210441971
210453760
210465110
210465292
210466315
210466934
210467041
210469045
210471838
210476515
210477973
210478782
210487812
210488034
210489377
210500238
210501985
210503196
210505619
210505872
210506293
210506634
210510021
210512810
210512834
210512822
210512842
210513397
210513445
210513517
210513528
210513659
210442477
210486274
210507319
210507696
210509652
210512462
210512630
210512633
210512696
210512707
210512731
210513033
210513034
210513144
210513225
210513224
210513289
210513476
210513506
210497989
210498824
210499341
210505216
210505787
210506212
210507518
210508168
210509833
210509914
210510245
210510449
210511309
210511644
210511719
210512141
210512197
210512230
210512434
210512621
210512748
210512747
210512785
210512841
210441916
210495454
210506907
210507231
210507866
210508426
210509534
210509764
210510695
210511002
210511398
210511684
210511704
210511996
210512022
210512051
210512082
210512178
210512241
210512337
210512418
210443218
210468937
210495407
210496763
210500294
210501113
210506023
210507002
210509152
210509157
210509219
210510336
210510838
210511092
210511373
210511647
210511762
210511804
210511854
210511943
210511951
210512002
210512078
210512188
210508635
210505462
210442658
210462971
210494180
210495448
210504015
210508030
210508716
210510612
210511173
210511350
210511405
210511529
210511533
210511538
210511541
210511667
210511729
210511733
210511731
210511736
210224064
210428512
210452928
210481939
210485255
210489150
210491392
210502739
210507183
210509554
210509723
210510763
210510790
210510795
210510898
210510934
210511058
210464672
210471449
210477865
210487919
210488370
210498005
210500923
210503802
210503947
210504359
210505188
210505338
210509222
210509356
210510175
210510300
210510342
210510372
210510426
210510452
210510469
210510702
210510721
210510724
210510772
210510777
210510781
210510784
210510788
210428328
210441823
210441996
210443203
210460467
210474915
210475175
210479118
210485939
210487912
210491604
210492212
210495038
210496330
210497442
210504741
210506831
210507711
210509059
210509099
210509693
210509800
210464691
210466603
210474920
210482195
210482838
210482839
210484116
210492869
210493929
210494738
210494909
210495831
210502233
210502771
210504115
210504404
210504606
210505934
210507156
210507198
210507289
210507394
210508785
210509427
210509456
210509462
210509651
210509679
210509701
210477215
210492698
210501361
210441835
210441853
210441917
210474328
210492862
210494737
210506323
210506528
210507512
210507598
210508802
210509051
210509251
210446148
210495409
210496124
210501793
210502866
210503811
210504113
210505025
210505988
210506380
210508408
210508676
210508685
210508739
210508814
210508881
210508895
210463114
210478085
210485670
210489370
210494185
210496496
210507084
210507097
210507654
210507659
210507752
210507797
210507935
210508221
210508203
210508284
210484144
210490296
210493440
210495445
210495446
210495447
210495613
210495622
210495624
210495627
210495629
210495633
210495635
210495642
210495645
210495730
210503692
210506267
210506810
210507162
210507179
210507561
210507635
210507983
210443183
210479235
210490367
210493879
210493883
210495646
210495649
210495657
210497655
210497657
210500165
210501685
210501868
210503994
210504171
210505288
210505390
210505728
210506049
210506322
210506928
210506939
210507094
210507143
210507313
210507473
210507563
210501156
210505215
210506331
210503601
210503616
210503617
210504304
210507229
210449119
210478510
210483558
210489918
210500614
210500799
210501333
210501978
210502757
210502815
210503825
210504734
210505845
210506239
210506769
210506993
210507030
210507208
210490366
210492433
210498446
210505873
210506650
210506728
210506824
210506880
210506883
210483039
210495652
210496512
210499348
210500129
210503426
210503889
210504980
210505219
210505221
210505222
210505374
210505542
210505585
210506191
210506252
210506441
210442455
210471605
210476548
210479554
210484358
210490234
210494116
210495797
210497324
210501370
210502132
210505763
210505798
210505879
210505886
210505928
210456954
210489928
210492166
210494338
210499435
210501751
210501902
210501974
210502829
210504159
210504614
210504740
210504815
210505118
210442092
210476002
210503593
210505056
210505077
210505099
210505141
210361462
210406417
210493072
210499942
210504550
210504739
210504841
210441924
210455332
210460437
210477151
210490070
210500171
210503434
210503513
210504211
210504605
210466555
210495534
210496468
210497018
210497306
210498658
210501781
210501784
210502074
210502654
210502679
210503983
210504118
210442119
210443051
210471276
210480882
210488719
210489356
210495051
210498002
210499697
210500106
210500463
210502192
210502281
210502798
210502802
210503557
210503669
210503727
210503976
210503977
210495929
210483421
210490923
210493417
210494080
210496547
210497513
210500160
210500162
210502991
210503160
210503351
210503356
210503378
210503412
210503464
210480181
210491397
210496649
210497147
210498371
210501248
210502229
210502353
210502474
210502812
210502820
210503110
210503147
210453645
210469102
210479887
210479970
210497202
210498744
210501761
210502392
210502580
210502621
210502627
210463400
210474494
210477567
210482810
210490393
210492707
210496730
210496818
210496819
210497474
210498926
210499469
210500498
210501629
210501887
210502096
210441717
210482876
210483322
210485457
210488716
210489314
210489353
210491315
210492495
210492573
210495009
210495060
210495167
210496772
210497025
210497653
210498687
210500597
210500912
210500952
210494872
210499114
210499908
210468810
210468844
210470900
210470930
210473964
210473982
210474001
210474035
210474874
210478440
210485080
210488562
210498878
210499107
210500628
210455625
210467565
210472678
210474072
210487911
210487958
210488106
210488293
210488304
210488322
210488362
210489427
210489613
210491636
210491727
210492960
210493395
210494946
210441915
210477985
210484037
210487854
210490360
210499987
210499991
210499994
210499998
210441764
210483950
210484891
210485286
210485398
210485560
210490312
210490471
210496444
210497195
210497287
210497720
210499390
210499525
210482370
210484366
210488566
210497830
210498667
210498673
210469017
210486596
210492296
210493602
210496025
210497155
210497342
210220465
210406610
210416078
210417717
210450707
210468967
210472094
210474757
210480552
210487155
210488277
210488280
210489227
210489651
210493817
210494417
210494422
210494428
210494844
210497826
210405436
210445608
210449291
210453662
210491731
210492364
210492463
210493881
210495946
210497238
210497242
210398233
210460351
210465384
210475988
210476067
210478428
210479851
210484713
210485205
210485508
210485933
210487444
210490105
210490363
210494575
210495412
210496954
210219977
210385609
210432171
210442435
210495423
210496500
210496744
210443148
210484534
210493816
210494933
210441807
210490794
210494727
210495301
210384453
210442612
210490488
210492464
210494622
210491258
210493264
210493958
210473241
210482047
210491081
210492682
210493836
210428524
210429466
210454143
210474567
210481020
210490441
210490457
210492447
210492501
210493474
210361113
210421728
210453334
210453344
210483246
210492431
210492763
210492772
210487036
210491879
210492044
210492087
210442709
210489103
210490555
210477509
210490417
210490701
210490895
210485665
210489323
210443135
210464388
210475406
210477394
210477397
210477402
210477407
210477408
210477409
210480146
210482665
210486472
210486075
210489107
210486021
210470317
210485159
210486117
210486133
210488240
210488272
210488577
210488704
210442124
210442124
210487480
210482823
210483902
210483906
210483912
210483941
210483944
210486436
210483988
210484011
210484012
210484017
210484021
210484044
210481069
210483489
210484353
210484379
210484381
210486391
210442112
210443105
210443111
210443127
210443143
210482260
210443107
210464736
210467283
210484334
210484753
210485244
210475177
210483593
210484975
210377189
210483824
210483933
210484103
210484117
210484511
210484733
210484750
210484760
210481005
210481342
210482248
210482792
210484380
210482432
210483146
210483723
210483823
210483861
210483432
210482827
210441931
210473719
210482279
210475042
210479372
210481542
210441928
210471793
210480509
210481087
210427317
210431322
210476475
210478012
210384451
210385605
210478757
210478813
210478856
210479155
210479167
210479202
210441852
210442010
210475778
210442099
210472004
210366737
210458205
210462700
210464138
210469491
210474451
210416953
210416977
210418272
210426682
210430228
210433550
210433560
210434341
210434345
210434346
210438822
210444254
210445148
210457297
210472911
210442591
210470151
210473921
210442003
210442007
210443209
210342772
210350512
210410307
210411606
210442545
210442715
210455153
210462981
210443198
210443211
210443214
210443216
210413247
210471024
210464964
210463097
210462269
210452951
210441573
210445838
210410938
210441966
210428376
210366839
210402025
210387393
210223461
210295406
210368670
210372637
210260943_300015306973757_ORA_DELETED
210260948_300015306781955_ORA_DELETED
